[I] Loading model: /work/gitlab/tensorrt-cookbook-in-chinese/08-Tool/Polygraphy/inspectExample/model.onnx
[I] ==== ONNX Model ====
    Name: tf2onnx | Opset: 9
    
    ---- 1 Graph Input(s) ----
    {x:0 [dtype=float32, shape=('unk__30', 1, 28, 28)]}
    
    ---- 1 Graph Output(s) ----
    {z:0 [dtype=int64, shape=('unk__31',)]}
    
    ---- 9 Initializer(s) ----
    Initializer | w4/read:0 [dtype=float32, shape=[1024, 10]] | Values:
        [[ 0.03731047 -0.05782586 -0.12556368 ... -0.08612765 -0.06061816
          -0.08246689]
         [ 0.19088742 -0.06377193 -0.12876913 ...  0.06157729 -0.05597464
          -0.04897792]
         [-0.08788037  0.04984109 -0.03226187 ...  0.09335365  0.03903114
           0.00912305]
         ...
         [-0.07114442 -0.18008882  0.1481347  ... -0.12616785  0.13713098
          -0.05504219]
         [-0.04465632 -0.07094491 -0.04796916 ...  0.02845419 -0.03283151
           0.07002489]
         [-0.12010998  0.02466527  0.00236313 ... -0.09452797  0.07460572
           0.02989185]]
    
    Initializer | w3/read:0 [dtype=float32, shape=[3136, 1024]] | Values:
        [[-0.03551113 -0.19398618  0.08786451 ...  0.03188567 -0.03469082
           0.06339219]
         [ 0.11470381 -0.18425842 -0.05231691 ... -0.09387725 -0.02266173
          -0.11332845]
         [-0.06744744 -0.08789245 -0.19893385 ... -0.01546175  0.01493304
           0.09043745]
         ...
         [-0.06549618 -0.05250436  0.03504159 ... -0.05498612  0.01359935
          -0.00074252]
         [-0.0580891   0.10668591  0.02604046 ... -0.0038909  -0.05437113
           0.01373933]
         [-0.11443442  0.07083305 -0.00058542 ... -0.012353   -0.07576913
           0.04005875]]
    
    Initializer | w2/read:0 [dtype=float32, shape=[64, 32, 5, 5]] | Values:
        [[[[-3.25945206e-02 -7.24863634e-02  1.60285637e-01 -1.61730306e-04
             7.87237585e-02]
           [-6.71138987e-02  1.42445310e-03  2.13543624e-02 -7.71805868e-02
             1.25751644e-01]
           [-8.18292722e-02  1.29037142e-01  1.69085771e-01  2.61523612e-02
            -8.42223391e-02]
           [-4.74823825e-02  1.84359029e-01  9.09046270e-04 -1.60088047e-01
            -1.08801089e-01]
           [-1.22032061e-01  8.46094918e-03  1.51985390e-02  3.81695782e-03
             3.25761139e-02]]
        
          [[-6.41663298e-02  9.43382829e-02  1.59959376e-01 -1.03813291e-01
            -4.17920761e-02]
           [-2.40162238e-02  7.60053797e-03  7.70351440e-02  6.36755154e-02
             2.62388121e-02]
           [-2.57346835e-02 -1.07402444e-01 -5.13596833e-02 -3.57779935e-02
            -8.31590295e-02]
           [-6.39385134e-02  1.21528387e-01  5.15998192e-02  1.30580351e-01
             3.03052198e-02]
           [-1.88742857e-02  3.45929302e-02  1.40276924e-01  1.57488897e-01
            -7.03003556e-02]]
        
          [[ 2.55431514e-02 -8.13789889e-02 -7.77532458e-02 -5.98459020e-02
            -5.14960773e-02]
           [-6.76632822e-02  1.95208397e-02 -1.26049459e-01 -7.19138682e-02
             1.52119491e-02]
           [-7.49280378e-02 -2.02255007e-02 -1.01449415e-02  1.45594880e-03
            -3.91858118e-03]
           [-9.57828388e-02  1.40057266e-01 -1.49384156e-01 -2.78377533e-02
            -8.05121511e-02]
           [-7.48643000e-03  2.95907166e-02  4.04429212e-02  4.18617949e-02
            -1.95943400e-01]]
        
          ...
        
          [[ 3.97251956e-02  6.44237697e-02  9.36598852e-02  8.20893236e-03
            -1.82143018e-01]
           [ 3.71494330e-02  1.34801820e-01 -2.87714936e-02  7.72717595e-02
            -1.01541303e-01]
           [ 6.01212271e-02  1.89941466e-01  3.49180028e-03  3.28154452e-02
            -1.76572390e-02]
           [-8.11717138e-02 -1.74422294e-01  4.86087985e-02  8.50031599e-02
             5.33286575e-03]
           [-1.15611993e-01 -6.92637637e-02 -1.97231680e-01 -1.27477914e-01
            -6.93749040e-02]]
        
          [[-3.97524573e-02  5.36577068e-02 -7.79276118e-02  7.25577697e-02
            -4.91636246e-02]
           [-4.69530746e-02 -8.84368084e-03  7.16091320e-02 -1.92135975e-01
             3.21926065e-02]
           [ 8.82625580e-02 -1.57019123e-01 -4.61059203e-03  6.86309189e-02
            -6.41614124e-02]
           [ 1.81935474e-01  1.92950383e-01 -3.70488279e-02 -1.39908595e-02
             4.71497700e-02]
           [-1.03062108e-01  4.13553528e-02 -6.84762523e-02  7.05184117e-02
             3.78755294e-03]]
        
          [[ 3.92869674e-02  1.83671117e-01  5.02885692e-02 -2.56450810e-02
             1.68797359e-01]
           [ 7.01093674e-02  1.33447591e-02 -2.05968153e-02 -7.39612803e-02
            -7.45890066e-02]
           [ 6.37632832e-02 -8.83837864e-02 -4.84430082e-02  8.07562917e-02
             7.41805360e-02]
           [-8.17375556e-02  3.90583836e-02  3.94097231e-02  9.77659449e-02
            -2.56530792e-02]
           [-1.01867810e-01 -1.85354516e-01  5.10194376e-02  3.27640548e-02
             6.72404692e-02]]]
        
        
         [[[-7.82438517e-02 -1.20726719e-01 -1.31013259e-01 -3.65655869e-02
            -1.27039343e-01]
           [ 1.74685627e-01  1.64841171e-02  6.03751317e-02 -3.48370150e-03
             6.66639581e-02]
           [-1.53558552e-02 -3.60776894e-02 -4.72408049e-02  5.94206825e-02
            -3.23814377e-02]
           [ 2.61989292e-02  1.98014796e-01  5.23890816e-02  3.31420191e-02
            -1.51504532e-01]
           [ 3.85372303e-02 -4.81675044e-02  9.11098439e-03 -1.66047644e-02
             1.06098093e-01]]
        
          [[ 3.81195918e-02 -1.76080942e-01  8.98554176e-02 -6.91295266e-02
            -1.40551284e-01]
           [-4.83847521e-02 -1.39310271e-01  1.29301101e-02 -1.69235334e-01
             2.23359521e-02]
           [ 4.86553982e-02 -4.20701019e-02 -1.06743015e-01 -1.54543117e-01
            -1.36582792e-01]
           [ 4.35295142e-02  6.26559705e-02  1.39369434e-02  6.66264668e-02
             2.58582868e-02]
           [ 5.42192720e-02 -4.62372927e-03 -1.60995056e-03  1.50638804e-01
            -2.38707662e-02]]
        
          [[-1.90048933e-03  1.15752302e-01 -5.67059927e-02  5.21052964e-02
            -1.17930472e-01]
           [-6.25388101e-02  6.91341311e-02 -9.89727825e-02  3.90887959e-03
             1.86886102e-01]
           [-1.22845367e-01  1.28638417e-01  4.39321585e-02  1.65174231e-01
            -1.03753261e-01]
           [-2.66990089e-03  1.19688354e-01  1.61709532e-01  5.15139103e-02
             1.09981172e-01]
           [ 9.92535278e-02 -1.49610720e-03  5.03583960e-02 -1.09831609e-01
            -2.93275174e-02]]
        
          ...
        
          [[ 4.22429517e-02 -3.55055593e-02 -2.11992990e-02 -3.11788507e-02
            -7.34767541e-02]
           [ 1.75755508e-02 -5.62466569e-02  4.44065519e-02 -2.23334376e-02
            -9.93804559e-02]
           [-5.63159771e-02 -6.83689341e-02 -7.26843402e-02  1.26667723e-01
            -1.90520287e-02]
           [-4.93306443e-02  1.32068500e-01 -5.87174296e-02  5.41918539e-02
             1.01582527e-01]
           [ 1.03961661e-01 -1.77672338e-02 -1.69151351e-01  2.34628655e-02
            -1.18211463e-01]]
        
          [[ 6.22491501e-02  6.53109476e-02  2.47722976e-02 -1.79297552e-01
             1.53813303e-01]
           [ 3.93943256e-03 -1.98226914e-01  9.91420075e-02 -1.51190357e-02
             7.87775405e-03]
           [ 7.10890293e-02  5.96043430e-02  2.04133466e-02  6.85983300e-02
             1.56238496e-01]
           [-6.51659956e-03  3.63871083e-02 -1.24584906e-01  3.45417373e-02
            -6.93753222e-03]
           [ 6.04856685e-02 -1.12421110e-01  4.92508896e-02  3.76171954e-02
             1.07173301e-01]]
        
          [[-7.12228194e-03 -7.36511424e-02  1.07371442e-01 -6.15075789e-02
             5.18154018e-02]
           [-7.28647038e-02 -9.46450084e-02 -1.09154303e-02  1.64798107e-02
            -7.90365860e-02]
           [-4.16780598e-02  9.93485153e-02  1.18641019e-01  1.79756731e-01
             5.95891289e-02]
           [ 1.70018468e-02 -1.23956256e-01  9.09386352e-02 -4.05829959e-02
            -1.19738728e-02]
           [ 6.90141767e-02  1.32487342e-01 -4.55484837e-02 -4.18968797e-02
             1.87461171e-02]]]
        
        
         [[[ 5.35674691e-02  6.97786734e-02 -3.48611437e-02 -1.87327310e-01
            -1.44962119e-02]
           [-1.15121705e-02  7.89352227e-03  1.03367068e-01  5.64549863e-02
             1.25391101e-02]
           [ 6.79890364e-02  8.79776478e-02  8.84893164e-02 -1.62551031e-01
            -3.46715152e-02]
           [ 2.43087150e-02  4.77848910e-02  3.33322957e-02 -1.67784505e-02
            -1.33071944e-01]
           [ 1.29148513e-02  8.27031806e-02  9.70454589e-02 -5.71572483e-02
            -1.67900085e-01]]
        
          [[-1.84480906e-01 -6.69385716e-02 -3.79412025e-02  4.62847343e-03
             7.56260380e-02]
           [ 2.86296196e-02  9.83730629e-02 -5.09522669e-02  1.42916501e-01
             6.85185492e-02]
           [ 7.94929340e-02  5.92522323e-02  1.47811025e-01  1.16097048e-01
             3.94176580e-02]
           [ 3.93003263e-02  1.47420123e-01 -8.82726908e-02 -7.84829201e-04
            -4.97795977e-02]
           [-8.30853581e-02 -8.58806819e-03  1.38772121e-02  8.24251994e-02
             1.66768953e-01]]
        
          [[-4.28605340e-02  3.83683108e-03  8.30601081e-02  1.04760170e-01
            -5.18285297e-02]
           [ 3.79544939e-03 -2.20083613e-02 -9.19484720e-02  5.88632822e-02
            -1.24328233e-01]
           [ 9.64232348e-03 -4.35862876e-03  1.19874053e-01 -1.58792123e-01
             6.02390766e-02]
           [ 6.90621659e-02  8.76600817e-02  1.79645106e-01 -6.89396858e-02
             2.26682499e-02]
           [-5.12301140e-02  2.59708464e-02 -2.44231836e-04 -9.06845927e-03
            -3.05029005e-02]]
        
          ...
        
          [[ 1.60746183e-02 -1.14773057e-01  7.47404769e-02 -3.09743583e-02
            -6.43995330e-02]
           [-6.42716512e-02  5.50674200e-02 -1.47414908e-01 -7.76923075e-02
            -4.18425091e-02]
           [-1.27765134e-01  2.51017958e-02  1.28782228e-01  8.12084898e-02
            -5.34789339e-02]
           [ 1.29503310e-02 -1.85464427e-01 -3.01667303e-02 -1.52040645e-01
             7.30383769e-02]
           [ 1.86290629e-02 -9.08408896e-04  3.94551456e-02  2.09023338e-02
             3.40018868e-02]]
        
          [[ 1.83371529e-01  1.01010285e-01  1.31330220e-02 -1.52818849e-02
            -1.00703299e-01]
           [-1.12823166e-01 -1.16717353e-01 -1.34957328e-01  1.11478172e-01
            -7.46306330e-02]
           [-1.24071077e-01  1.45570086e-02 -3.93998064e-02 -6.62592426e-02
             1.82057485e-01]
           [-1.10593639e-01  4.51618545e-02 -1.60989985e-01 -5.60830198e-02
             7.22070923e-03]
           [-6.50894418e-02 -4.76641655e-02 -1.91007107e-02 -5.49079143e-02
            -8.85856375e-02]]
        
          [[ 4.90201227e-02 -1.28394710e-02 -8.37894008e-02  6.78985287e-03
             6.66613877e-02]
           [ 1.76377013e-01  3.31230424e-02 -1.87568571e-02 -8.20066407e-02
            -5.86510915e-03]
           [ 8.37274566e-02  8.07788339e-04  7.97562152e-02  7.69288614e-02
             1.54719844e-01]
           [-9.58246291e-02  5.90215810e-02 -4.72420640e-02  4.92828749e-02
             1.82246882e-02]
           [-4.44137715e-02  7.64370188e-02  7.49973282e-02  1.66615650e-01
             3.38357128e-02]]]
        
        
         ...
        
        
         [[[-4.17395942e-02  2.37822044e-03 -1.13397323e-01 -1.61052004e-01
            -8.79797153e-03]
           [-2.42889579e-02 -1.18184738e-01 -9.09477994e-02 -8.79282225e-03
            -8.76417682e-02]
           [ 4.92917933e-02 -1.26955569e-01 -1.26282200e-01  1.44260069e-02
            -4.06069793e-02]
           [-5.73541634e-02 -1.40472157e-02 -2.02868674e-02 -2.24872082e-02
             6.89568520e-02]
           [-1.22475520e-01 -9.07016024e-02 -1.11530438e-01  3.32465060e-02
             1.15040600e-01]]
        
          [[ 1.60037670e-02 -2.59263664e-02  6.92562684e-02  9.30228829e-02
             3.48065719e-02]
           [ 4.93891584e-03  1.82432663e-02  1.90524049e-02  1.05435830e-02
             3.77965719e-03]
           [-1.04717307e-01  1.40368063e-02 -1.55429512e-01  6.72425553e-02
            -7.08637759e-02]
           [ 5.30942269e-02  2.88420916e-02  6.64580315e-02  1.19325720e-01
             5.08349501e-02]
           [-4.07710783e-02  1.06143735e-01 -1.91512346e-01  5.85986860e-02
             1.32430419e-01]]
        
          [[-5.14291786e-02 -1.96218155e-02  4.89871949e-02 -8.40403065e-02
            -9.43315215e-03]
           [-1.19430438e-01  1.05757929e-01 -1.30615374e-02 -5.69904363e-03
            -6.44921884e-02]
           [-1.30509019e-01 -2.06068140e-02 -1.08350448e-01 -1.49667799e-01
             1.43642455e-01]
           [ 1.37557223e-01  1.10728135e-02  1.59107938e-01  3.94015722e-02
             4.53633517e-02]
           [ 6.75071254e-02  9.68868956e-02 -1.30632389e-02  3.76465209e-02
             7.85034224e-02]]
        
          ...
        
          [[-4.39056642e-02  2.75001805e-02  8.96623805e-02  1.00488439e-01
            -4.00527380e-02]
           [-7.76539743e-02 -5.18260971e-02 -6.18049316e-02 -8.45663771e-02
             1.04974784e-01]
           [ 7.57962689e-02  1.41212747e-01 -8.93693864e-02 -1.30719738e-03
            -7.21951723e-02]
           [ 6.89611733e-02 -5.83794061e-03 -9.84312594e-02 -7.96768367e-02
             3.64446156e-02]
           [ 1.26647400e-02 -1.22618236e-01 -1.16351597e-01 -1.32420510e-01
            -1.53919384e-01]]
        
          [[-7.76030347e-02 -1.30314147e-02 -7.84172025e-03  9.09716859e-02
             7.64603540e-02]
           [ 8.04686770e-02 -1.03873372e-01  6.58542514e-02 -1.38400674e-01
             1.00801006e-01]
           [-2.08343081e-02 -7.59541839e-02 -9.12199244e-02 -6.85071647e-02
            -2.48131827e-02]
           [ 6.07923344e-02 -1.03235893e-01 -3.09499055e-02  6.03022389e-02
            -3.22994776e-02]
           [ 1.44524574e-01  3.57607787e-04  6.68914393e-02  1.50664940e-01
            -1.67984683e-02]]
        
          [[ 2.41355971e-03 -3.59970443e-02  6.48567453e-02  4.12247665e-02
            -6.61994368e-02]
           [-1.44494981e-01  2.97631379e-02 -2.22383253e-03 -7.37118050e-02
            -8.07514191e-02]
           [-1.06494322e-01 -1.22342043e-01 -6.36689514e-02 -9.36550722e-02
             1.70430988e-01]
           [-1.00649160e-03 -1.05962437e-02 -1.12656318e-01 -1.79013804e-01
             1.34048238e-01]
           [-9.47345570e-02  4.89285551e-02 -1.10807400e-02 -1.36282176e-01
            -2.41296552e-02]]]
        
        
         [[[-7.53334984e-02 -7.37326741e-02  1.71109848e-02  1.30056873e-01
            -1.33070219e-02]
           [ 6.06676415e-02  1.31485060e-01 -8.42066631e-02  1.55261233e-01
             3.86935472e-02]
           [-1.01199247e-01  3.87209505e-02 -9.10224319e-02  1.99577566e-02
             1.85360443e-02]
           [ 1.15328483e-01  8.48409235e-02  7.21447393e-02  1.17829898e-02
             6.10138662e-02]
           [-9.54589248e-02 -1.11265816e-01  1.39513388e-02  1.18380319e-02
             9.73217711e-02]]
        
          [[-3.15971002e-02 -1.90978348e-01 -3.74818258e-02  2.80687790e-02
            -9.03682783e-03]
           [ 1.94096968e-01  2.81935576e-02  1.36174811e-02 -4.57434915e-02
             5.77103458e-02]
           [ 1.52739599e-01 -3.62828076e-02 -7.49864951e-02  9.52644914e-04
             6.88457415e-02]
           [-3.23912762e-02 -1.96238719e-02  5.79628013e-02 -1.51368782e-01
             2.23137671e-03]
           [-5.37608042e-02  3.47353294e-02  3.12684402e-02 -3.88552956e-02
             4.17758226e-02]]
        
          [[ 9.76034328e-02 -7.93401524e-02 -2.17498373e-02  7.24218786e-03
            -1.15375780e-01]
           [ 1.41424492e-01  3.38475569e-03 -5.98471127e-02  1.18707888e-01
            -3.41796055e-02]
           [ 5.78353517e-02 -3.96403186e-02  5.89039102e-02 -3.38616571e-03
            -5.32255284e-02]
           [ 3.65702691e-03  6.73127547e-02  1.43087387e-01  1.90929577e-01
             1.38326827e-02]
           [ 7.99065456e-02 -1.77369371e-01 -1.31316543e-01  3.31965312e-02
            -9.77637395e-02]]
        
          ...
        
          [[-5.05497530e-02 -1.26538172e-01  5.24509214e-02  1.58975676e-01
            -6.58623055e-02]
           [-1.07221283e-01  2.21064817e-02 -9.77474153e-02  7.60371312e-02
             9.17929783e-02]
           [-8.84590577e-03 -2.11301427e-02 -9.40082297e-02  1.99971553e-02
             6.74381331e-02]
           [-9.56665576e-02 -1.11131869e-01 -8.20669532e-02  5.55051751e-02
            -7.80474171e-02]
           [-1.01194061e-01  5.19754291e-02 -6.47540092e-02 -8.68526027e-02
             1.35031149e-01]]
        
          [[-1.73006982e-01  1.80216413e-02  1.90289304e-01  6.87176222e-03
             1.21885039e-01]
           [-9.27511677e-02  1.37490705e-02 -3.25705707e-02  3.53443511e-02
            -1.63375229e-01]
           [ 3.97562832e-02  8.29754695e-02 -9.07880217e-02 -1.76054686e-02
            -1.61488339e-01]
           [-6.24585291e-03 -4.74683754e-02  1.27670038e-02  4.61481772e-02
            -8.96117911e-02]
           [ 2.82008480e-02 -1.78890601e-02 -1.05699517e-01  8.62317905e-02
             8.11965317e-02]]
        
          [[-9.58069190e-02 -4.35523130e-02 -4.14892398e-02 -7.48955235e-02
             3.14158611e-02]
           [ 7.75421262e-02  8.64724442e-02 -1.95479207e-02 -1.19504489e-01
            -7.49212652e-02]
           [ 9.66978073e-03  4.13904898e-02 -9.40000191e-02  1.86252557e-02
             7.64506981e-02]
           [-6.30258843e-02  4.68085855e-02  7.85197988e-02 -6.19543567e-02
             6.88404217e-02]
           [ 1.26153501e-02 -1.73789281e-02 -7.87318870e-02 -1.24813758e-01
             3.29587050e-02]]]
        
        
         [[[-6.87318370e-02 -1.78705290e-01  8.43548924e-02  1.86981098e-03
            -8.22773948e-02]
           [ 5.60379438e-02  4.81287688e-02  9.45193991e-02  5.53990081e-02
            -1.96899902e-02]
           [-8.87153372e-02  4.88633662e-02  2.24132519e-02 -3.72573510e-02
             7.07080141e-02]
           [-7.34163970e-02 -2.27295663e-02 -2.19276007e-02  2.35652998e-02
            -7.99461082e-02]
           [-1.64110437e-01  1.91083282e-01 -1.38958916e-01 -1.11040762e-02
             1.77168012e-01]]
        
          [[-6.40576258e-02 -1.01566270e-01  1.13578320e-01 -1.05997466e-01
            -5.74030466e-02]
           [ 2.83237044e-02  4.06680033e-02 -1.94848515e-02  1.34557694e-01
            -1.15469120e-01]
           [-1.74000561e-01  5.48675433e-02 -7.75636956e-02  9.02959257e-02
            -1.62489742e-01]
           [ 4.38546687e-02 -4.90155481e-02 -5.68522811e-02  1.11651696e-01
             5.97428083e-02]
           [ 8.11653659e-02  9.10383090e-03  1.69752222e-02 -1.06494047e-01
            -5.79836778e-02]]
        
          [[-2.85801804e-03  2.71804314e-02 -8.54020789e-02  1.79129884e-01
            -7.35900030e-02]
           [-1.72906760e-02 -6.57812282e-02  1.22512868e-02  1.14545338e-01
             5.97650595e-02]
           [ 5.03688760e-04 -1.85543541e-02  5.68517931e-02  8.52380618e-02
             3.06904558e-02]
           [-5.81401102e-02  2.62025744e-02 -4.95765023e-02  7.87972510e-02
            -1.86629593e-01]
           [-1.02964059e-01 -7.76412785e-02  1.00820661e-01 -3.16207521e-02
             2.94048665e-03]]
        
          ...
        
          [[-1.27542704e-01 -1.68527290e-01 -8.29862729e-02 -4.88062808e-03
             2.91153323e-02]
           [ 1.49508744e-01  9.98118147e-02 -1.04761899e-01  4.05363590e-02
             1.07740618e-01]
           [ 1.13218032e-01 -4.10542963e-03  4.32171486e-02  5.44968918e-02
            -1.73742510e-02]
           [ 6.21354841e-02  3.48506905e-02 -2.18235003e-03  4.00071740e-02
            -4.58109565e-02]
           [ 1.40829850e-02 -4.22287323e-02 -1.19298501e-02  3.92786041e-02
            -1.58119023e-01]]
        
          [[-5.00241593e-02 -1.80356264e-01  6.10956736e-02 -5.86563721e-03
            -1.59656972e-01]
           [ 1.04374290e-02  1.33317485e-01  1.02772556e-01  1.85410790e-02
            -6.30178452e-02]
           [ 9.06488821e-02 -1.67911038e-01 -1.37796476e-01 -5.73662408e-02
            -1.96817681e-01]
           [-8.66082162e-02  4.37888466e-02 -1.13136269e-01 -4.09091152e-02
            -4.33922820e-02]
           [ 5.63187301e-02  2.27814894e-02 -9.51095223e-02 -2.90432554e-02
            -4.68295068e-02]]
        
          [[-5.55296727e-02 -3.12920585e-02 -2.04290785e-02  3.32320556e-02
             1.01404361e-01]
           [-4.98625375e-02 -2.95820478e-02  3.67153324e-02 -1.34867862e-01
            -1.04371548e-01]
           [-3.27563100e-02 -3.24269012e-02  3.89638171e-03  4.63801511e-02
             2.41621397e-02]
           [-9.05089080e-02 -3.89575884e-02  1.18783057e-01  1.79490298e-01
             8.45351443e-02]
           [ 2.12726113e-03 -4.68122177e-02 -1.38810977e-01  5.21888845e-02
             1.56688001e-02]]]]
    
    Initializer | w1/read:0 [dtype=float32, shape=[32, 1, 5, 5]] | Values:
        [[[[-5.84643297e-02  4.26839702e-02 -6.60845935e-02  1.07346270e-02
            -3.04526128e-02]
           [-3.17087187e-03  1.39711425e-01  1.65471453e-02  3.08188726e-03
            -1.10080115e-01]
           [ 3.71622443e-02 -5.84472809e-03  1.80943787e-01 -1.78359881e-01
             1.70568805e-02]
           [-1.99845713e-02  8.55581686e-02  1.44204870e-01  1.38314992e-01
             9.50482711e-02]
           [ 1.22355334e-01 -1.18323766e-01  4.44668382e-02  1.28422752e-02
            -1.88179538e-01]]]
        
        
         [[[ 4.52285931e-02  6.82353824e-02 -1.03497699e-01 -8.37025940e-02
             6.29626364e-02]
           [ 2.28206068e-03 -3.53977382e-02 -3.74809764e-02  1.37466379e-03
             1.82512611e-01]
           [ 1.60991754e-02 -7.89361298e-02 -1.04593098e-01 -1.22353308e-01
            -3.69329862e-02]
           [-4.37315516e-02  5.50644584e-02 -1.09217286e-01 -8.49494264e-02
             1.84438527e-02]
           [ 4.26535010e-02 -7.48162419e-02 -7.19465315e-02 -2.89980806e-02
             9.65279043e-02]]]
        
        
         [[[ 9.32165310e-02  2.24479046e-02  1.26452580e-01  7.06940964e-02
             1.45830318e-01]
           [-7.26314411e-02  5.25946803e-02  1.20896332e-01  6.28993064e-02
             2.18675043e-02]
           [ 1.18050791e-01 -3.21783475e-03 -3.03118806e-02  6.32095411e-02
            -1.08434834e-01]
           [ 9.34556946e-02 -1.09988684e-02  1.13399863e-01  1.88963696e-01
             1.19362846e-01]
           [ 4.24581543e-02  3.77786234e-02 -1.80138871e-01 -1.23805217e-01
            -4.90860865e-02]]]
        
        
         [[[-1.17643967e-01 -2.91830245e-02 -1.07879952e-01  6.20162003e-02
            -1.40473738e-01]
           [-8.43726248e-02 -1.33411605e-02  7.65123591e-03  3.29560824e-02
            -5.93985803e-02]
           [ 7.85759185e-03  4.30290438e-02  7.67582059e-02  7.39267990e-02
             1.17414251e-01]
           [-1.08056646e-02 -8.42844695e-02 -9.07567069e-02 -1.21523254e-01
            -5.46939559e-02]
           [-9.36949626e-02  2.20674593e-02  2.79256385e-02  1.31041840e-01
            -1.19561456e-01]]]
        
        
         [[[-1.39747903e-01  1.96011961e-02  6.40513301e-02 -1.08269453e-01
             1.90214366e-01]
           [ 1.38101801e-01 -6.64164200e-02 -7.50308484e-02  8.52908343e-02
             3.43404487e-02]
           [ 1.18853405e-01 -6.80776164e-02  4.86573391e-02  2.84334961e-02
             3.61753665e-02]
           [ 1.05313621e-01  4.35589580e-03 -8.28152671e-02 -1.49963021e-01
            -1.00157276e-01]
           [-7.64757916e-02 -1.64639985e-03 -1.23036830e-02 -7.83455968e-02
             7.93157332e-03]]]
        
        
         [[[-1.17441930e-01 -2.23008860e-02  4.10052650e-02 -4.71527362e-03
             7.79965147e-02]
           [-5.64416312e-02  7.59281591e-02 -3.00630368e-02 -1.51488528e-01
             6.32937104e-02]
           [-1.76960170e-01  1.39072627e-01  2.76981830e-03 -2.77083647e-02
             2.26213038e-02]
           [-5.50158992e-02 -1.25111282e-01  6.09610155e-02 -1.18217431e-01
            -1.10440291e-02]
           [-9.27266479e-02  3.84259969e-02 -2.52474975e-02  3.08197979e-02
             7.83661529e-02]]]
        
        
         [[[-2.16763820e-02 -5.85791431e-02 -5.55454306e-02 -9.15438235e-02
             1.13730453e-01]
           [ 7.12101087e-02  3.26511823e-02 -1.58974633e-01  8.74607861e-02
            -1.65797368e-01]
           [-1.51032284e-02 -2.25603636e-02 -1.35712057e-01  4.58495915e-02
             6.51237294e-02]
           [-2.44020857e-02  1.11567378e-01  9.28584784e-02  2.28113513e-02
             3.14092450e-02]
           [-9.41899493e-02 -2.43666768e-02  1.03667162e-01 -7.72557482e-02
            -5.18575087e-02]]]
        
        
         [[[-1.08784605e-02  1.18129319e-02  1.77239403e-01  2.16057859e-02
            -3.27316746e-02]
           [ 1.62462797e-02  1.40387326e-01 -9.64901671e-02  9.23007950e-02
            -9.99322906e-02]
           [ 7.90797099e-02  3.72842886e-02  8.65167305e-02  1.91262409e-01
            -7.23345056e-02]
           [ 1.78088158e-01  2.36465074e-02  1.31668551e-02  2.89935302e-02
            -8.54796171e-03]
           [-7.38956928e-02 -6.75483793e-02  1.01118498e-01  5.13865948e-02
            -9.21573937e-02]]]
        
        
         [[[-1.91170618e-01 -2.23739464e-02 -1.62546679e-01  7.73527250e-02
            -1.02464519e-01]
           [-1.49809629e-01 -6.55693412e-02 -3.32032815e-02 -4.54870611e-02
             4.93917055e-02]
           [ 2.68993415e-02  6.31341264e-02 -1.02896495e-02 -6.45296648e-02
            -1.64668318e-02]
           [ 3.16572674e-02 -1.59700271e-02 -1.18327206e-02 -1.04556099e-01
             1.30238801e-01]
           [-3.87967341e-02 -6.21583126e-02  1.33028582e-01  5.88413142e-02
            -2.72146650e-02]]]
        
        
         [[[ 7.44426474e-02  1.49538383e-01  1.47745460e-01 -5.81235252e-02
             1.47840604e-01]
           [-1.71598256e-01  8.49040374e-02 -3.01210321e-02  1.78701669e-01
            -7.32252076e-02]
           [-1.40791405e-02  2.56809983e-02 -1.33578569e-01  8.31358582e-02
            -2.62730699e-02]
           [-2.69257557e-02  6.18989952e-02  5.81032271e-03  1.70793459e-01
            -1.26037493e-01]
           [ 4.43618260e-02 -1.17725454e-01 -1.28224060e-01 -2.49384940e-02
            -8.72009620e-02]]]
        
        
         [[[ 1.60689399e-01 -1.18517496e-01  1.61177620e-01 -7.04817250e-02
            -8.69966485e-03]
           [ 1.89055592e-01  2.76655983e-02 -4.24484126e-02  1.15064755e-01
            -6.77824840e-02]
           [-1.25305653e-01  1.15194023e-02  5.72219007e-02  9.61735621e-02
             1.73803642e-02]
           [-1.19007593e-02  1.50131822e-01  9.03012380e-02  2.54210588e-02
            -1.02033533e-01]
           [-5.75801618e-02  6.02646768e-02 -2.92725172e-02 -2.18583308e-02
             9.40066800e-02]]]
        
        
         [[[ 1.59611478e-01  4.73170355e-02 -5.63684404e-02 -1.26349196e-01
             4.70677577e-02]
           [ 7.95867294e-02  9.17131603e-02 -3.99874859e-02 -1.43958004e-02
            -1.27503201e-01]
           [-8.71133730e-02  1.38673251e-02 -1.40164152e-01  1.21363595e-01
            -2.90398132e-02]
           [ 1.22249402e-01  4.36805785e-02  1.38367698e-01  9.82487351e-02
            -5.46568399e-03]
           [ 1.05368711e-01  1.39885291e-01  8.01806226e-02  5.06110862e-02
            -5.56198619e-02]]]
        
        
         [[[-1.16347373e-02 -4.34995483e-04 -2.72251945e-02  1.35219321e-01
             3.47468667e-02]
           [ 5.87938391e-02 -3.08757313e-02 -9.42165125e-03  6.02297150e-02
            -3.85314822e-02]
           [-9.13831070e-02 -1.99390411e-01 -5.25461696e-02 -5.86166345e-02
             1.53724745e-01]
           [-1.52832270e-01 -1.34128025e-02 -2.91580055e-02 -2.01058667e-02
            -3.99541259e-02]
           [-7.30507299e-02 -5.53072356e-02 -1.67703964e-02  4.39083949e-02
            -7.06450418e-02]]]
        
        
         [[[-1.45458821e-02 -8.19523707e-02 -7.57685602e-02  1.43437058e-01
             7.87807703e-02]
           [ 1.52307991e-02 -9.08721536e-02  4.84607778e-02 -4.94309643e-04
             1.42992005e-01]
           [-8.96844547e-03  1.90430861e-02 -1.76513746e-01  4.29399172e-03
             1.66846279e-04]
           [-1.32234439e-01  2.82582287e-02 -1.29517406e-01  5.72176166e-02
            -7.08125979e-02]
           [-1.53953671e-01  9.14985016e-02  1.10260695e-02 -5.95654733e-02
            -5.26660345e-02]]]
        
        
         [[[ 4.32440005e-02  2.26410627e-02  1.87474877e-01  1.20379828e-01
             5.91056608e-02]
           [ 1.26967534e-01 -1.51082451e-04 -1.04899824e-01  2.35405248e-02
             8.09582919e-02]
           [ 5.78371361e-02  1.60167448e-03  1.37997111e-02  1.47461697e-01
            -1.59217790e-02]
           [ 1.06554285e-01  5.67721911e-02 -5.49747311e-02  1.08172894e-01
            -1.08713834e-02]
           [ 2.82648336e-02 -6.27999827e-02 -1.14079723e-02  1.10139705e-01
            -3.86225097e-02]]]
        
        
         [[[ 4.76638377e-02 -1.00498430e-01 -1.38982743e-01 -1.61061421e-01
            -6.82494491e-02]
           [ 1.19095229e-01 -3.46816853e-02  1.00250291e-02  6.57992736e-02
             1.20302849e-01]
           [-1.83051258e-01  1.46845225e-02 -1.18585281e-01 -1.65637344e-01
            -4.20343243e-02]
           [ 7.29650855e-02  9.66061950e-02 -9.46815237e-02  1.91353053e-01
             1.31342098e-01]
           [ 5.26115112e-02 -1.85380742e-01 -2.31781509e-02  1.01944938e-01
            -1.60791382e-01]]]
        
        
         [[[-4.38084714e-02  1.29153177e-01 -4.25785817e-02 -6.24331012e-02
             9.65317860e-02]
           [-5.55910543e-02  1.76627189e-01 -1.36035696e-01  8.40758383e-02
             5.14065921e-02]
           [ 3.04839443e-02 -1.16718940e-01 -8.46535414e-02 -5.33757694e-02
            -1.11017376e-02]
           [-2.77447160e-02  5.86829260e-02 -3.77274118e-02  1.06975697e-02
             1.44873947e-01]
           [-5.59744015e-02  3.93603183e-02 -1.53105170e-01  7.91880861e-02
             8.74988660e-02]]]
        
        
         [[[ 4.24297228e-02 -7.37530515e-02  1.23370782e-01  5.94811402e-02
            -6.94002733e-02]
           [ 4.09409516e-02  1.97388625e-04 -2.56049223e-02 -4.55179214e-02
             7.65131190e-02]
           [-1.20579936e-01  6.03887998e-02  2.16700844e-02  1.76590011e-02
             4.80256900e-02]
           [-7.75947934e-03  1.73342954e-02  1.49413526e-01 -2.28716098e-02
             2.70978361e-02]
           [-1.50206327e-01  7.49230012e-02 -3.36051546e-02 -1.08903103e-01
            -6.36577085e-02]]]
        
        
         [[[-4.61140126e-02  7.61418650e-03  7.64645115e-02  2.74211671e-02
             1.11535512e-01]
           [ 2.17694454e-02 -1.04773723e-01  2.32438352e-02 -1.41093776e-01
             7.90155083e-02]
           [ 7.60846362e-02 -2.31638830e-02  2.89200433e-02 -1.52491748e-01
             6.41853437e-02]
           [ 8.43559429e-02 -3.76148298e-02 -2.76689865e-02 -5.71111403e-02
            -8.86492953e-02]
           [ 1.23068383e-02  5.25714569e-02  9.45011079e-02 -8.35936293e-02
            -1.17730079e-02]]]
        
        
         [[[-1.62504741e-03  5.60765751e-02  2.71669813e-02 -1.03905693e-01
            -7.81487972e-02]
           [-2.52595451e-02 -1.05275296e-01  6.54603401e-03 -2.38524452e-02
             3.90390567e-02]
           [-4.74516302e-02  1.90094516e-01 -1.21732270e-02 -1.61997840e-01
            -8.28190669e-02]
           [ 1.93765666e-02  5.53176999e-02  4.09729145e-02 -1.19363748e-01
             2.86948774e-02]
           [-9.32639167e-02  8.36522281e-02  5.61195724e-02  8.06595758e-02
            -1.33301586e-01]]]
        
        
         [[[ 3.82885300e-02  7.25114485e-03 -6.41898811e-03 -3.64651494e-02
             1.85505915e-02]
           [ 3.30720991e-02  2.96180006e-02 -6.07064925e-02  1.03776872e-01
             2.74917539e-02]
           [ 8.03367719e-02 -1.00693993e-01 -9.08606499e-02 -3.28682661e-02
            -3.12563367e-02]
           [-6.19993992e-02  1.64163679e-01  2.39157733e-02 -9.03413445e-03
            -4.96088229e-02]
           [-1.93248138e-01  1.42827317e-01 -1.48577198e-01 -3.68142873e-02
            -1.50715515e-01]]]
        
        
         [[[-1.65408894e-01 -1.28348008e-01 -8.02045465e-02 -8.32139850e-02
            -3.71077619e-02]
           [-8.53071883e-02 -1.52016684e-01 -8.29663053e-02  6.35961369e-02
            -3.99835669e-02]
           [-3.19024511e-02 -1.07751917e-02 -5.96946776e-02  1.45877590e-02
            -1.56764910e-01]
           [-3.46418582e-02  3.49988346e-03  3.60817201e-02  3.45112267e-03
            -5.39804362e-02]
           [ 9.48942304e-02 -2.62525883e-02 -6.84588924e-02  1.84403777e-01
             1.98899791e-01]]]
        
        
         [[[-7.09052533e-02 -3.64478044e-02  1.59229517e-01  1.04281463e-01
            -3.05876490e-02]
           [ 1.12406209e-01  1.42408147e-01  1.68349370e-01 -4.90871631e-03
            -7.39327297e-02]
           [-1.74827185e-02  1.91080615e-01 -1.07958531e-02  1.31403536e-01
             1.00765109e-01]
           [ 2.53428761e-02  4.48147506e-02  6.82048202e-02  4.41974290e-02
             4.20669131e-02]
           [-6.76284134e-02 -1.10485069e-01 -5.76702841e-02 -1.18992247e-01
            -9.73912254e-02]]]
        
        
         [[[ 1.93245020e-02 -6.66342303e-02  8.40995833e-02 -3.03581189e-02
             1.62647754e-01]
           [ 2.00833958e-02  3.46037489e-03 -1.60253882e-01 -3.94607298e-02
            -9.93651152e-03]
           [ 6.23595007e-02 -8.72081518e-02  1.22144921e-02 -2.48400541e-03
             2.86555430e-03]
           [ 1.90526918e-01 -1.36847258e-01 -5.50289862e-02 -2.77629700e-02
            -1.03608385e-01]
           [-6.94753528e-02  7.85176381e-02  2.01840959e-02 -1.08183019e-01
            -1.29432872e-01]]]
        
        
         [[[ 1.34715185e-01  2.82409433e-02  9.81045216e-02  1.20779775e-01
             3.82102989e-02]
           [ 6.87295273e-02 -2.12701913e-02 -3.51499990e-02  4.36529182e-02
            -2.30029621e-03]
           [ 3.14910412e-02  6.46770149e-02  2.42652092e-02 -5.25520220e-02
            -3.95706259e-02]
           [-1.55344889e-01 -1.81925818e-01 -8.94361660e-02  4.57021669e-02
            -2.92976554e-02]
           [-1.10393897e-01  1.45427778e-01  1.44327044e-01 -3.31267007e-02
             8.84875730e-02]]]
        
        
         [[[-3.96008454e-02  3.69785987e-02  6.69750348e-02 -9.22912918e-03
             4.93114851e-02]
           [ 1.74316242e-02 -3.77545804e-02 -7.69294202e-02  1.03489816e-01
            -1.35791466e-01]
           [ 1.17340282e-01 -9.17875767e-02  1.47893101e-01 -9.00596082e-02
             9.66169834e-02]
           [ 7.36619830e-02 -1.28271982e-01  2.64562201e-03  3.41935344e-02
            -1.48672634e-03]
           [ 4.67385836e-02 -4.67225052e-02 -6.99299201e-02  1.82725638e-02
             6.38101324e-02]]]
        
        
         [[[ 7.75147229e-02 -1.95344798e-02  1.05564222e-02  4.77776714e-02
             2.91866455e-02]
           [-6.23696446e-02 -1.86170161e-01 -1.76818714e-01 -2.87681557e-02
             2.77734380e-02]
           [-7.18054399e-02 -6.42147884e-02  1.83805838e-01 -5.61878085e-02
             5.18389717e-02]
           [ 7.92536959e-02  3.93906049e-02  9.59288403e-02 -8.70428085e-02
            -1.65972114e-01]
           [-5.79484962e-02  6.80091307e-02 -8.69323835e-02 -2.29101740e-02
             7.54636014e-03]]]
        
        
         [[[-4.47411984e-02 -1.00391291e-01  9.20060575e-02 -1.23195603e-01
             4.62448932e-02]
           [-6.73081120e-03 -1.08968139e-01  7.25174397e-02  7.85667822e-03
             1.30414084e-01]
           [-5.16445041e-02  1.09045826e-01 -1.33171707e-01  1.39160052e-01
            -4.47376259e-02]
           [ 1.56964213e-02 -1.51669113e-02  4.45895679e-02 -2.96285283e-02
            -1.15425766e-01]
           [ 1.28953800e-01  1.03505827e-01  1.04505375e-01  3.85541394e-02
             1.52513251e-01]]]
        
        
         [[[ 1.46367762e-03  4.59471764e-03  4.24918830e-02  1.34702444e-01
            -2.96253767e-02]
           [ 1.12307504e-01 -8.07845518e-02 -1.40971690e-01 -1.29406378e-01
            -4.43330854e-02]
           [-9.92422327e-02 -4.54804562e-02  4.30248044e-02 -4.06318121e-02
            -3.14841568e-02]
           [ 3.37349996e-02  2.91771647e-02 -1.29151657e-01  5.62173128e-02
             1.36968926e-01]
           [ 8.00398216e-02 -5.46464585e-02 -6.27764091e-02 -1.89181212e-02
             8.86008069e-02]]]
        
        
         [[[-1.16861105e-01  8.99118707e-02 -9.89651233e-02  1.56571105e-01
            -4.32250351e-02]
           [ 1.47580847e-01  5.49151190e-02 -1.65835507e-02  4.11775783e-02
             1.29672065e-02]
           [ 1.84883907e-01  3.98724107e-03 -1.13947749e-01 -1.88183799e-01
             1.08114973e-01]
           [-1.10875085e-01 -8.39066803e-02 -3.01966127e-02  9.52031836e-02
             9.05643180e-02]
           [ 3.89171578e-02 -1.53855249e-01  3.21103819e-02 -7.36950189e-02
             7.84525797e-02]]]
        
        
         [[[-1.00937583e-01  1.08108215e-01 -6.50805160e-02 -1.76243618e-01
             4.54836488e-02]
           [ 1.01092272e-01 -2.63221003e-02 -4.14742157e-02 -7.22695813e-02
             5.49683049e-02]
           [-1.58642065e-02  3.82047221e-02 -1.78558797e-01  1.65615916e-01
             8.23972598e-02]
           [ 1.60863787e-01 -3.07142716e-02 -7.87302405e-02 -8.21864828e-02
            -1.27497863e-03]
           [-4.73514758e-03  9.76548418e-02  5.96617116e-03  1.30764291e-01
             8.98819268e-02]]]
        
        
         [[[ 1.71980530e-01  9.36203152e-02  3.47060226e-02 -2.74122339e-02
             8.54377355e-03]
           [ 5.50988615e-02 -9.45686698e-02 -8.80682915e-02  2.82765012e-02
            -3.26036103e-02]
           [-1.19235218e-01  3.02998479e-02  6.09681383e-02  9.16362274e-03
            -1.44673005e-01]
           [ 1.03138819e-01  1.41982853e-01  6.46627098e-02  2.08937339e-02
             2.76574176e-02]
           [ 2.28247028e-02  8.41989822e-04  8.54533613e-02 -7.18989000e-02
             6.47487342e-02]]]]
    
    Initializer | const_fold_opt__29 [dtype=int64, shape=[2]] | Values:
        [  -1 3136]
    
    Initializer | b4/read:0 [dtype=float32, shape=[10]] | Values:
        [0.1 0.1 0.1 0.1 0.1 0.1 0.1 0.1 0.1 0.1]
    
    Initializer | b3/read:0 [dtype=float32, shape=[1024]] | Values:
        [0.1 0.1 0.1 ... 0.1 0.1 0.1]
    
    Initializer | b2/read:0 [dtype=float32, shape=[64]] | Values:
        [0.1 0.1 0.1 0.1 0.1 0.1 0.1 0.1 0.1 0.1 0.1 0.1 0.1 0.1 0.1 0.1 0.1 0.1
         0.1 0.1 0.1 0.1 0.1 0.1 0.1 0.1 0.1 0.1 0.1 0.1 0.1 0.1 0.1 0.1 0.1 0.1
         0.1 0.1 0.1 0.1 0.1 0.1 0.1 0.1 0.1 0.1 0.1 0.1 0.1 0.1 0.1 0.1 0.1 0.1
         0.1 0.1 0.1 0.1 0.1 0.1 0.1 0.1 0.1 0.1]
    
    Initializer | b1/read:0 [dtype=float32, shape=[32]] | Values:
        [0.1 0.1 0.1 0.1 0.1 0.1 0.1 0.1 0.1 0.1 0.1 0.1 0.1 0.1 0.1 0.1 0.1 0.1
         0.1 0.1 0.1 0.1 0.1 0.1 0.1 0.1 0.1 0.1 0.1 0.1 0.1 0.1]
    
    ---- 15 Node(s) ----
    Node 0    | Conv__25 [Op: Conv]
        {x:0 [dtype=float32, shape=('unk__30', 1, 28, 28)],
         Initializer | w1/read:0 [dtype=float32, shape=(32, 1, 5, 5)],
         Initializer | b1/read:0 [dtype=float32, shape=(32,)]}
         -> {Conv__25:0}
        ---- Attributes ----
        Conv__25.dilations = [1, 1]
        Conv__25.strides = [1, 1]
        Conv__25.kernel_shape = [5, 5]
        Conv__25.pads = [2, 2, 2, 2]
        Conv__25.group = 1
    
    Node 1    | Relu [Op: Relu]
        {Conv__25:0}
         -> {Relu:0}
    
    Node 2    | MaxPool2d [Op: MaxPool]
        {Relu:0}
         -> {MaxPool2d:0}
        ---- Attributes ----
        MaxPool2d.strides = [2, 2]
        MaxPool2d.kernel_shape = [2, 2]
        MaxPool2d.pads = [0, 0, 0, 0]
    
    Node 3    | Conv__27 [Op: Conv]
        {MaxPool2d:0,
         Initializer | w2/read:0 [dtype=float32, shape=(64, 32, 5, 5)],
         Initializer | b2/read:0 [dtype=float32, shape=(64,)]}
         -> {Conv__27:0}
        ---- Attributes ----
        Conv__27.dilations = [1, 1]
        Conv__27.strides = [1, 1]
        Conv__27.kernel_shape = [5, 5]
        Conv__27.pads = [2, 2, 2, 2]
        Conv__27.group = 1
    
    Node 4    | Relu_1 [Op: Relu]
        {Conv__27:0}
         -> {Relu_1:0}
    
    Node 5    | MaxPool2d_1 [Op: MaxPool]
        {Relu_1:0}
         -> {MaxPool2d_1:0}
        ---- Attributes ----
        MaxPool2d_1.strides = [2, 2]
        MaxPool2d_1.kernel_shape = [2, 2]
        MaxPool2d_1.pads = [0, 0, 0, 0]
    
    Node 6    | MaxPool2d_1__22 [Op: Transpose]
        {MaxPool2d_1:0}
         -> {MaxPool2d_1__22:0}
        ---- Attributes ----
        MaxPool2d_1__22.perm = [0, 2, 3, 1]
    
    Node 7    | Reshape [Op: Reshape]
        {MaxPool2d_1__22:0,
         Initializer | const_fold_opt__29 [dtype=int64, shape=(2,)]}
         -> {Reshape:0}
    
    Node 8    | MatMul [Op: MatMul]
        {Reshape:0,
         Initializer | w3/read:0 [dtype=float32, shape=(3136, 1024)]}
         -> {MatMul:0}
    
    Node 9    | add_2 [Op: Add]
        {MatMul:0,
         Initializer | b3/read:0 [dtype=float32, shape=(1024,)]}
         -> {add_2:0}
    
    Node 10   | Relu_2 [Op: Relu]
        {add_2:0}
         -> {Relu_2:0}
    
    Node 11   | MatMul_1 [Op: MatMul]
        {Relu_2:0,
         Initializer | w4/read:0 [dtype=float32, shape=(1024, 10)]}
         -> {MatMul_1:0}
    
    Node 12   | add_3 [Op: Add]
        {MatMul_1:0,
         Initializer | b4/read:0 [dtype=float32, shape=(10,)]}
         -> {add_3:0}
    
    Node 13   | y [Op: Softmax]
        {add_3:0}
         -> {y:0}
        ---- Attributes ----
        y.axis = 1
    
    Node 14   | z [Op: ArgMax]
        {y:0}
         -> {z:0 [dtype=int64, shape=('unk__31',)]}
        ---- Attributes ----
        z.axis = 1
        z.keepdims = 0
