inputH0: (3, 4, 5)
[[[ 0.  1.  2.  3.  4.]
  [ 5.  6.  7.  8.  9.]
  [10. 11. 12. 13. 14.]
  [15. 16. 17. 18. 19.]]

 [[20. 21. 22. 23. 24.]
  [25. 26. 27. 28. 29.]
  [30. 31. 32. 33. 34.]
  [35. 36. 37. 38. 39.]]

 [[40. 41. 42. 43. 44.]
  [45. 46. 47. 48. 49.]
  [50. 51. 52. 53. 54.]
  [55. 56. 57. 58. 59.]]]
outputH0: (3, 4, 2)
[[[  10.5   -9.5]
  [  35.5  -34.5]
  [  60.5  -59.5]
  [  85.5  -84.5]]

 [[ 110.5 -109.5]
  [ 135.5 -134.5]
  [ 160.5 -159.5]
  [ 185.5 -184.5]]

 [[ 210.5 -209.5]
  [ 235.5 -234.5]
  [ 260.5 -259.5]
  [ 285.5 -284.5]]]
